1.599757524672895670e-04
2.763703465461730957e-03
5.211528623476624489e-04
7.126659038476645947e-04
1.886955345980823040e-03
8.878998341970145702e-04
5.388270597904920578e-03
1.824903738452121615e-04
1.509962312411516905e-04
1.704617025097832084e-04
6.392997456714510918e-04
2.972985676024109125e-04
6.123897619545459747e-04
1.399247092194855213e-03
2.266011870233342052e-04
2.083348517771810293e-04
5.980605492368340492e-04
2.181398012908175588e-04
3.684668918140232563e-04
9.026832995004951954e-04
5.995578831061720848e-04
7.464917725883424282e-04
4.450813576113432646e-04
3.134551516268402338e-04
8.186743070837110281e-05
7.951324369059875607e-05
8.928945171646773815e-04
5.313435685820877552e-04
6.889571523061022162e-05
6.800495088100433350e-03
1.423541252734139562e-04
2.946183667518198490e-04
1.599899405846372247e-04
1.528578111901879311e-03
1.465319073759019375e-03
2.243833296233788133e-04
8.489469182677567005e-04
1.396609877701848745e-04
1.613565254956483841e-03
2.889257157221436501e-04
7.973965839482843876e-04
2.829777076840400696e-04
5.252645933069288731e-04
3.312635235488414764e-04
3.769881732296198606e-04
1.658041728660464287e-03
6.130409892648458481e-04
6.379163824021816254e-04
6.265442934818565845e-04
4.971417365595698357e-04
9.730189340189099312e-04
1.995159545913338661e-04
1.001740107312798500e-03
1.266588806174695492e-03
5.523157306015491486e-04
2.570809156168252230e-04
7.063956581987440586e-04
9.717304055811837316e-05
5.060444585978984833e-03
2.769631973933428526e-04
1.179371261969208717e-03
8.515229565091431141e-04
6.980010657571256161e-04
5.186531925573945045e-04
1.114956918172538280e-03
6.397120305337011814e-04
9.916750714182853699e-04
1.032793894410133362e-03
7.026505190879106522e-04
9.282650426030158997e-04
1.060038572177290916e-03
2.966442843899130821e-03
7.107806159183382988e-04
1.643052673898637295e-03
1.026205602101981640e-03
4.527321550995111465e-03
2.455589827150106430e-03
2.448442624881863594e-03
4.062691703438758850e-03
2.915079938247799873e-03
7.143581751734018326e-04
1.456025638617575169e-03
5.100912530906498432e-04
6.342487758956849575e-04
1.491667644586414099e-04
1.297262031584978104e-03
9.125171927735209465e-04
1.986627001315355301e-03
1.735501427901908755e-04
1.155244535766541958e-03
5.061974297859705985e-05
2.043349086306989193e-04
5.028683226555585861e-04
2.940363483503460884e-04
8.503276039846241474e-04
6.837456021457910538e-05
4.648148897103965282e-04
1.379613240715116262e-04
6.613985751755535603e-04
5.541129503399133682e-04
1.886527024907991290e-04
1.802989572752267122e-04
1.983711408684030175e-04
7.285237079486250877e-04
2.926041488535702229e-04
1.753678661771118641e-04
2.531362697482109070e-04
3.167861141264438629e-04
4.591031174641102552e-04
1.417837920598685741e-04
3.594068766687996686e-05
4.971317830495536327e-04
1.149488613009452820e-03
3.832266374956816435e-04
3.841082798317074776e-04
2.708527608774602413e-05
5.591437002294696867e-05
8.416096679866313934e-04
4.175956128165125847e-04
2.208326477557420731e-04
1.752702286466956139e-03
5.778545164503157139e-05
1.139600572059862316e-04
9.701372619019821286e-05
1.322889933362603188e-03
1.915107481181621552e-03
1.007760991342365742e-03
6.413246737793087959e-04
4.837285086978226900e-04
5.121399299241602421e-04
2.063663123408332467e-04
3.143046924378722906e-04
1.182379899546504021e-03
3.217076009605079889e-04
3.881180018652230501e-04
6.511796527775004506e-05
1.321798335993662477e-04
8.168646600097417831e-04
1.504347310401499271e-03
4.665366723202168941e-04
1.162667991593480110e-03
1.760324114002287388e-03
1.118952524848282337e-03
4.952713497914373875e-04
4.131664172746241093e-04
3.647474513854831457e-04
1.211513997986912727e-03
5.485006840899586678e-05
1.474697055527940392e-04
6.554843857884407043e-04
3.207250265404582024e-04
1.104734139516949654e-03
1.988326112041249871e-04
3.702938323840498924e-03
1.272526918910443783e-03
7.218440296128392220e-04
4.554298066068440676e-04
7.285511237569153309e-04
5.061189876869320869e-04
3.040749288629740477e-04
1.854092697612941265e-04
6.268613506108522415e-04
9.760943357832729816e-04
4.101640661247074604e-04
2.606560883577913046e-04
7.877068856032565236e-05
5.054256180301308632e-04
1.548117870697751641e-04
3.681606031022965908e-04
4.296261467970907688e-04
5.384054384194314480e-04
1.878747483715415001e-03
2.875233301892876625e-03
6.579020991921424866e-04
4.602541157510131598e-04
8.210042869905009866e-05
2.615367120597511530e-04
2.145961188944056630e-04
1.184009830467402935e-03
5.623295437544584274e-04
5.879658856429159641e-04
3.856191469822078943e-04
6.730678142048418522e-04
8.921555854612961411e-05
5.691523547284305096e-04
2.333751472178846598e-04
2.744819212239235640e-04
3.432558733038604259e-04
2.429966698400676250e-04
2.740428899414837360e-04
3.901360614690929651e-04
2.408032596576958895e-04
9.481296874582767487e-04
1.523003593320026994e-04
1.070701109711080790e-04
4.789175000041723251e-04
4.086511034984141588e-04
1.260576100321486592e-04
9.234493336407467723e-05
5.175271653570234776e-04
1.258816191693767905e-04
9.720186062622815371e-05
8.294103899970650673e-04
3.426731331273913383e-03
1.995107391849160194e-03
8.179112046491354704e-05
8.131242066156119108e-05
5.388626595959067345e-04
4.783296026289463043e-04
1.649422920309007168e-03
1.014121735352091491e-04
3.722349065355956554e-04
6.524688797071576118e-04
1.126043935073539615e-04
7.697143155382946134e-05
7.056506001390516758e-04
1.083755632862448692e-04
3.772848867811262608e-04
2.506831951905041933e-04
1.403199712513014674e-04
6.639865750912576914e-05
9.412191866431385279e-05
1.091935439035296440e-03
4.545944393612444401e-04
7.350922533078119159e-05
3.951389808207750320e-04
2.216127322753891349e-04
1.976574130821973085e-04
1.857532479334622622e-04
7.824968779459595680e-04
1.380429835990071297e-03
4.265788011252880096e-04
1.378925808239728212e-04
1.699636195553466678e-04
2.030594914685934782e-04
2.075251977657899261e-04
2.868748852051794529e-04
8.909916505217552185e-04
5.677610170096158981e-04
3.324631543364375830e-04
1.168509406852535903e-04
1.749270595610141754e-04
7.537106866948306561e-04
2.391678717685863376e-04
5.960463022347539663e-05
1.297562033869326115e-03
3.211797156836837530e-04
2.604876353871077299e-04
5.915113724768161774e-04
5.471642361953854561e-04
1.140374108217656612e-03
5.375050823204219341e-04
1.176852820208296180e-04
7.218277896754443645e-04
8.623294415883719921e-04
4.414503200678154826e-05
9.325129212811589241e-05
1.844580634497106075e-03
6.649523507803678513e-03
1.460761530324816704e-03
4.007610259577631950e-04
2.641457249410450459e-04
7.304924656637012959e-05
1.030012266710400581e-03
7.046553073450922966e-04
1.689774915575981140e-03
3.991997509729117155e-04
2.315125166205689311e-04
2.922273997683078051e-04
2.252868871437385678e-04
8.215937414206564426e-04
2.024688437813892961e-04
5.600589211098849773e-04
1.326275989413261414e-03
2.574495156295597553e-04
2.956964599434286356e-04
8.737620664760470390e-04
4.372465773485600948e-04
3.809417830780148506e-04
3.700298257172107697e-03
3.940054157283157110e-04
7.208214374259114265e-04
5.791338626295328140e-04
2.654513111338019371e-03
2.796182641759514809e-03
8.081648265942931175e-04
4.964890540577471256e-04
7.159332744777202606e-04
1.868172985268756747e-04
2.854048798326402903e-04
6.723534897901117802e-05
3.955056308768689632e-04
8.798675116850063205e-05
2.389778383076190948e-04
6.120561010902747512e-05
4.653478026739321649e-05
8.090914343483746052e-04
2.616680576466023922e-04
6.749128806404769421e-04
1.255649724043905735e-03
8.098278340185061097e-05
6.974854040890932083e-04
1.383507915306836367e-04
3.362546267453581095e-04
1.018442344502545893e-04
3.379190457053482533e-04
3.358892572578042746e-04
3.192915464751422405e-04
2.515092201065272093e-04
7.621291297255083919e-05
1.932732411660254002e-03
1.011947984807193279e-03
2.022404456511139870e-03
2.165994374081492424e-03
7.494502700865268707e-03
1.839509699493646622e-03
7.693995139561593533e-04
3.355246153660118580e-04
1.312388572841882706e-03
1.249585999175906181e-03
2.899622195400297642e-04
5.550773857976309955e-05
1.271253277081996202e-04
6.020420187269337475e-05
1.675688108662143350e-04
6.853316881461068988e-05
1.077095876098610461e-04
1.080042333342134953e-03
2.171779051423072815e-04
2.229956298833712935e-04
1.208730973303318024e-03
9.472353267483413219e-04
1.800076686777174473e-03
2.883221022784709930e-03
2.500065893400460482e-04
8.603411697549745440e-05
1.114933547796681523e-04
2.214693813584744930e-04
3.449220384936779737e-04
4.374183845357038081e-05
1.215122974826954305e-04
1.798291195882484317e-04
1.089564248104579747e-04
2.269609540235251188e-04
2.923168649431318045e-04
8.470258035231381655e-05
2.476570662111043930e-04
1.193087300634942949e-04
1.143764602602459490e-04
2.197039721067994833e-04
5.075091030448675156e-04
3.347157035022974014e-04
1.873844594229012728e-04
4.433759604580700397e-04
3.534823772497475147e-04
9.699008660390973091e-05
1.025084056891500950e-03
2.134741807822138071e-04
8.437710930593311787e-04
1.372596831060945988e-03
2.013027697103098035e-04
6.160401972010731697e-04
4.077290941495448351e-04
9.696512133814394474e-04
1.039179260260425508e-04
1.708566414890810847e-04
8.969847840489819646e-05
2.620562445372343063e-04
1.428035175194963813e-04
6.103656778577715158e-05
2.056653029285371304e-04
3.695009509101510048e-04
8.717894088476896286e-04
3.708033473230898380e-04
9.309339220635592937e-04
9.218584455084055662e-05
2.637940342538058758e-04
7.433627615682780743e-04
3.298186638858169317e-04
6.240382208488881588e-05
3.417338011786341667e-04
1.119291919167153537e-04
7.008940447121858597e-04
4.529357829596847296e-04
3.611409920267760754e-05
2.865391143132001162e-04
5.148482741788029671e-04
1.143752015195786953e-04
1.124506161431781948e-04
2.964448358397930861e-04
2.136307884939014912e-04
6.244438700377941132e-04
3.790808113990351558e-05
1.310911175096407533e-04
3.192515287082642317e-04
1.162968459539115429e-03
1.559037336846813560e-04
4.282459267415106297e-04
1.797504228306934237e-04
2.795566397253423929e-04
2.657662844285368919e-05
1.483179366914555430e-04
1.571149477967992425e-04
6.884547474328428507e-05
6.423495942726731300e-04
1.645437791012227535e-03
1.438194012735038996e-04
1.908025878947228193e-04
6.255361222429201007e-05
4.202596028335392475e-04
1.403876522090286016e-04
5.618813447654247284e-04
7.050946005620062351e-04
2.717987808864563704e-04
2.649420639500021935e-04
2.954832161776721478e-04
6.695546326227486134e-04
1.479432219639420509e-03
3.839460201561450958e-03
1.337146665900945663e-02
3.594792506191879511e-04
1.137688290327787399e-03
1.646958116907626390e-04
1.908591802930459380e-04
2.758990740403532982e-04
8.997782424557954073e-05
5.992012447677552700e-04
1.435645826859399676e-04
1.646334712859243155e-04
7.875904557295143604e-04
2.287357929162681103e-04
3.916303161531686783e-03
2.268332900712266564e-04
7.204732974059879780e-04
3.611491993069648743e-03
7.473341189324855804e-03
1.334291882812976837e-04
5.134975654073059559e-04
1.436266233213245869e-03
2.171577943954616785e-05
3.564434009604156017e-04
1.092569902539253235e-03
2.703767386265099049e-04
1.556850969791412354e-03
6.665611726930364966e-05
3.900486335624009371e-04
5.136621650308370590e-03
3.304700658190995455e-04
6.658486090600490570e-04
6.408263288903981447e-05
1.117682317271828651e-03
1.026129612000659108e-04
7.953706663101911545e-04
7.534965407103300095e-04
1.330987579422071576e-04
6.874739192426204681e-04
5.223087500780820847e-04
3.346579615026712418e-04
5.481053958646953106e-04
1.467825495637953281e-03
3.677532076835632324e-04
2.640757011249661446e-04
1.850476837716996670e-03
6.444232421927154064e-04
1.524231338407844305e-04
5.885004648007452488e-04
4.289420321583747864e-04
5.048566890764050186e-05
8.096147212199866772e-05
1.507751294411718845e-04
1.605939934961497784e-03
1.736948470352217555e-04
6.902212044224143028e-05
8.033713093027472496e-04
5.316106253303587437e-04
1.158415689133107662e-03
8.614765829406678677e-05
8.690031972946599126e-05
8.670860901474952698e-03
1.367663353448733687e-04
3.485754365101456642e-03
1.194408512674272060e-03
7.151685713324695826e-05
3.705071139847859740e-05
2.720875490922480822e-04
5.393251194618642330e-04
8.110849739750847220e-05
2.224716590717434883e-03
1.741190062602981925e-04
4.735621041618287563e-04
1.376348809571936727e-04
1.963159884326159954e-04
1.390196965076029301e-03
1.912781153805553913e-04
5.754737649112939835e-04
9.614499285817146301e-04
5.169954383745789528e-04
1.047067999024875462e-04
1.876341848401352763e-04
1.442322856746613979e-03
5.706311785615980625e-04
1.332805113634094596e-04
5.018830415792763233e-04
3.834406670648604631e-04
1.848527695983648300e-03
5.839583463966846466e-04
2.202069881604984403e-04
3.269217850174754858e-04
5.446366849355399609e-04
5.115329258842393756e-05
5.824871477670967579e-04
6.211907748365774751e-05
2.596937702037394047e-04
1.062517840182408690e-04
9.018326818477362394e-05
9.299046359956264496e-04
2.935601864010095596e-03
2.158149000024423003e-04
2.220247115474194288e-04
1.512236311100423336e-03
6.839494686573743820e-03
5.110468482598662376e-04
7.844383799238130450e-05
6.475336267612874508e-04
1.225976593559607863e-04
7.047991384752094746e-04
7.483029039576649666e-04
1.697204861557111144e-04
3.172946744598448277e-04
3.226394997909665108e-03
3.706864663399755955e-04
2.678747405298054218e-04
1.519855810329318047e-03
4.159268864896148443e-04
4.910123534500598907e-03
2.265029761474579573e-04
2.916392440965864807e-05
1.856625749496743083e-04
8.754798909649252892e-04
1.080029993318021297e-03
2.340002538403496146e-04
1.370570680592209101e-04
1.066804630681872368e-03
3.334579814691096544e-04
6.360705447150394320e-05
7.040120195597410202e-03
1.044329546857625246e-04
1.377882108499761671e-05
1.469610579079017043e-04
1.772751845419406891e-02
1.169583629234693944e-04
1.637240289710462093e-03
1.107887146645225585e-04
1.376227475702762604e-03
1.830575987696647644e-03
7.417308370349928737e-05
5.024378653615713120e-03
5.369507125578820705e-04
7.804231718182563782e-04
6.569954566657543182e-04
1.645884913159534335e-04
2.619641891214996576e-04
1.205236840178258717e-04
7.908868137747049332e-04
7.680238340981304646e-04
3.102481423411518335e-04
6.498064612969756126e-05
1.853039284469559789e-04
2.500989940017461777e-04
1.499937206972390413e-04
6.438522250391542912e-04
1.740090374369174242e-04
9.698625653982162476e-04
2.584981848485767841e-04
6.481221644207835197e-04
1.130804375861771405e-04
3.995986844529397786e-05
5.205429042689502239e-04
4.166472645010799170e-04
1.916616602102294564e-04
1.277785777347162366e-04
2.101688733091577888e-05
4.318558421800844371e-05
1.467975205741822720e-03
3.312166081741452217e-04
9.910274529829621315e-04
1.776241697371006012e-04
6.603702786378562450e-04
2.687431173399090767e-03
2.755233785137534142e-03
1.717504201224073768e-04
6.377857178449630737e-03
3.062360337935388088e-04
3.773433563765138388e-04
3.104718925897032022e-04
7.674326479900628328e-05
6.904970505274832249e-04
1.546417915960773826e-04
3.154114820063114166e-04
3.201289800927042961e-04
1.321019604802131653e-03
1.597890513949096203e-03
3.287387371528893709e-04
1.425314112566411495e-04
1.913582091219723225e-03
3.263817168772220612e-03
1.279757125303149223e-03
1.429739932063966990e-04
1.262522127944976091e-04
1.602528209332376719e-04
2.536056330427527428e-03
3.547054948285222054e-04
5.137397602084092796e-05
3.922820324078202248e-04
1.357763248961418867e-04
4.612042685039341450e-04
5.689388490281999111e-04
6.626825197599828243e-04
1.312618260271847248e-03
2.534916391596198082e-03
3.580544143915176392e-03
8.380282815778627992e-05
1.490890514105558395e-03
1.109886914491653442e-03
1.241592108272016048e-04
2.039159735431894660e-04
1.582012628205120564e-03
7.885156082920730114e-05
4.726489132735878229e-04
8.783961529843509197e-04
4.315977275837212801e-04
2.936841454356908798e-03
4.846726078540086746e-04
5.591719527728855610e-04
9.191901335725560784e-05
2.033219643635675311e-04
4.995908821001648903e-04
3.514913260005414486e-04
3.439138235989958048e-04
3.296051581855863333e-04
3.664795076474547386e-04
3.055976994801312685e-04
8.479334064759314060e-05
2.577636041678488255e-04
2.406405285000801086e-03
4.079716018168255687e-05
6.452327943406999111e-04
3.663717303425073624e-03
2.545956755056977272e-03
1.367730001220479608e-04
5.524355801753699780e-04
2.193835331127047539e-03
3.315909416414797306e-04
8.523979922756552696e-04
8.394812903134152293e-05
4.143940459471195936e-04
2.034403732977807522e-04
1.221045735292136669e-03
1.509459689259529114e-04
1.930393744260072708e-03
1.664349256316199899e-04
2.554701495682820678e-05
1.783094136044383049e-03
1.469279086450114846e-04
3.739290696103125811e-04
1.171513140434399247e-04
1.437300699763000011e-03
1.036555840983055532e-04
4.093852185178548098e-04
1.140889227390289307e-01
1.662834256421774626e-04
1.504019601270556450e-04
2.949651679955422878e-04
8.136769174598157406e-04
3.068421268835663795e-03
3.456796403042972088e-04
2.393943577772006392e-04
1.026643090881407261e-03
6.224598037078976631e-04
1.239110424648970366e-04
3.467009635642170906e-03
1.397653366439044476e-03
3.164423687849193811e-04
3.051061357837170362e-04
4.076795012224465609e-04
2.716675226110965014e-04
4.975150222890079021e-04
1.367491204291582108e-04
3.109989338554441929e-04
3.427413466852158308e-04
8.074202196439728141e-05
1.060590264387428761e-03
2.434895839542150497e-03
2.998139825649559498e-04
2.965636085718870163e-04
2.352250448893755674e-04
1.638150773942470551e-03
3.082532784901559353e-04
5.198161306907422841e-05
1.415531587554141879e-04
1.329883746802806854e-02
1.038352609612047672e-03
3.090723475906997919e-04
4.496701512834988534e-05
6.779593531973659992e-04
4.339783845352940261e-05
4.939067875966429710e-04
3.050809900742024183e-04
6.423312006518244743e-04
1.004393328912556171e-03
9.973685955628752708e-04
1.805523294024169445e-03
6.768437102437019348e-03
6.586466450244188309e-03
6.240578368306159973e-04
1.643318246351554990e-04
9.339654352515935898e-04
2.768900412775110453e-05
2.980378048960119486e-04
1.284950994886457920e-03
2.407321939244866371e-03
1.249306485988199711e-03
1.519830431789159775e-03
6.042646127752959728e-04
8.638113649794831872e-05
1.234141876921057701e-03
2.039884275291115046e-04
3.703469119500368834e-04
5.226330831646919250e-03
7.536615012213587761e-04
1.436877937521785498e-04
3.588830586522817612e-03
2.277596358908340335e-04
6.402042345143854618e-04
6.282725371420383453e-05
8.325061062350869179e-04
8.695059659657999873e-05
5.357405170798301697e-04
5.474591162055730820e-04
7.361077587120234966e-04
4.350049712229520082e-04
2.869058225769549608e-04
7.689487538300454617e-04
2.456620568409562111e-04
4.641059495043009520e-04
2.247045282274484634e-03
1.053750165738165379e-03
3.139309701509773731e-04
1.004911609925329685e-03
1.431345008313655853e-03
2.197900554165244102e-03
3.926387289538979530e-04
1.341805444099009037e-03
3.176372032612562180e-03
1.720150612527504563e-04
9.639867348596453667e-04
3.568107204046100378e-04
2.912686031777411699e-04
1.647984172450378537e-04
9.929042425937950611e-05
5.470968317240476608e-03
1.300437492318451405e-03
6.260466761887073517e-05
3.036682028323411942e-04
5.782491643913090229e-04
9.112796396948397160e-04
6.654804747086018324e-05
2.297058468684554100e-03
2.698999014683067799e-04
2.842728747054934502e-03
5.102381692267954350e-04
1.003914512693881989e-03
2.388811204582452774e-03
1.524060731753706932e-03
9.942095493897795677e-04
1.462004001950845122e-04
1.363904448226094246e-04
3.330646723043173552e-04
8.300362969748675823e-04
8.675487333675846457e-05
4.215366498101502657e-04
9.992521518142893910e-05
5.024888669140636921e-04
1.491745933890342712e-03
1.807052874937653542e-03
6.568165845237672329e-04
1.029265462420880795e-03
2.827055286616086960e-04
3.000691067427396774e-04
3.001692472025752068e-03
2.247483644168823957e-04
5.102734430693089962e-04
8.138689445331692696e-04
3.776179393753409386e-03
2.872035279870033264e-02
2.018487284658476710e-04
1.945925614563748240e-04
3.448079223744571209e-04
2.426302235107868910e-04
2.566152019426226616e-03
3.541842670529149473e-05
4.037863691337406635e-04
1.475493336329236627e-04
9.146993397735059261e-04
2.829475793987512589e-03
4.644759173970669508e-04
2.007225848501548171e-04
2.707728417590260506e-04
2.069562906399369240e-04
3.798353427555412054e-04
4.075564793311059475e-04
9.194233571179211140e-04
2.063906285911798477e-03
2.914577489718794823e-03
1.972976897377520800e-04
1.230695750564336777e-03
1.642531715333461761e-03
3.591838321881368756e-05
6.539509049616754055e-04
6.597257015528157353e-05
3.721090979524888098e-05
6.245853728614747524e-05
6.395161472028121352e-05
3.121510962955653667e-04
2.274425351060926914e-04
4.572949183057062328e-05
3.539907629601657391e-04
2.382471575401723385e-04
1.580621465109288692e-03
2.721356941037811339e-05
1.892932923510670662e-04
1.202819868922233582e-03
3.380823181942105293e-04
2.333612210350111127e-04
2.875022182706743479e-04
1.473006122978404164e-04
4.506494151428341866e-04
6.511458195745944977e-04
1.466735382564365864e-03
1.346308999927714467e-04
1.282536191865801811e-03
3.114414575975388288e-04
8.038579835556447506e-04
2.343211672268807888e-04
3.162731183692812920e-03
4.008096642792224884e-03
1.058467896655201912e-03
1.395563594996929169e-04
2.503907599020749331e-04
1.584899262525141239e-03
8.546588942408561707e-04
9.584234212525188923e-04
3.916704736184328794e-04
9.334044443676248193e-05
8.328726107720285654e-05
1.313150976784527302e-03
2.938273610197938979e-05
9.551746188662946224e-05
2.325570967514067888e-04
2.206946490332484245e-03
3.952482802560552955e-05
6.745575461536645889e-03
5.459542153403162956e-04
1.092520324164070189e-04
4.648417234420776367e-05
6.243991811061277986e-05
1.678960979916155338e-04
1.944573159562423825e-04
6.058851256966590881e-03
2.111963985953480005e-04
3.950839745812118053e-04
2.203720214311033487e-04
6.652561714872717857e-04
1.273712987313047051e-04
3.027583443326875567e-05
2.634546253830194473e-04
6.565108895301818848e-03
4.861655179411172867e-04
3.355901935719884932e-05
2.461263793520629406e-04
3.986140945926308632e-04
1.037965485011227429e-04
9.674879256635904312e-04
2.872097305953502655e-03
5.251849070191383362e-03
2.662212355062365532e-04
1.937437191372737288e-04
1.570072636241093278e-04
1.039411217789165676e-04
1.098593711503781378e-04
3.264300466980785131e-04
2.582351735327392817e-04
4.521492403000593185e-03
1.311904867179691792e-03
1.509267603978514671e-03
7.985114352777600288e-04
5.909581203013658524e-03
4.196896683424711227e-03
1.300391508266329765e-03
1.894530374556779861e-03
1.114037586376070976e-03
2.336587524041533470e-03
5.667664227075874805e-04
3.110361576545983553e-04
4.755178932100534439e-03
2.140691736713051796e-03
4.236052336636930704e-04
3.867765481118112803e-04
3.841228317469358444e-03
3.200313076376914978e-04
2.483574906364083290e-03
1.069847261533141136e-03
1.492527953814715147e-04
6.246250122785568237e-04
2.759660710580646992e-04
3.536573785822838545e-04
6.888731149956583977e-05
9.474761463934555650e-05
2.454003319144248962e-03
5.844062543474137783e-04
1.821302139433100820e-04
7.690800353884696960e-03
2.806589705869555473e-03
2.080212580040097237e-04
3.963120980188250542e-05
6.790399784222245216e-04
2.199783921241760254e-05
3.765747533179819584e-04
6.509231752716004848e-04
8.344066445715725422e-04
9.423971641808748245e-05
4.976049531251192093e-04
2.518597757443785667e-04
1.307614293182268739e-04
2.954593801405280828e-04
1.948360004462301731e-04
6.312828190857544541e-05
9.539883467368781567e-05
1.239920093212276697e-04
5.591364606516435742e-05
1.668156037339940667e-04
8.713500574231147766e-05
5.279696197248995304e-04
6.419114652089774609e-05
4.575933053274638951e-05
7.450714474543929100e-05
2.785376818792428821e-05
1.659319823374971747e-04
3.940736060030758381e-04
5.789795250166207552e-05
1.384544739266857505e-04
1.453278091503307223e-04
2.085353189613670111e-04
8.409368456341326237e-05
4.762221651617437601e-04
8.212395914597436786e-05
1.077940542018041015e-04
1.642283314140513539e-04
1.399545290041714907e-04
1.118860818678513169e-04
1.680619898252189159e-04
4.529801663011312485e-03
4.250237179803662002e-05
6.578195461770519614e-05
8.528053149348124862e-05
3.912648535333573818e-04
6.265457486733794212e-04
6.177186151035130024e-04
9.428623598068952560e-04
4.596812359523028135e-04
3.528528613969683647e-04
1.122651388868689537e-03
1.546562561998143792e-04
3.568535248632542789e-05
6.364912842400372028e-04
4.002373607363551855e-04
1.575059868628159165e-04
3.064582357183098793e-03
5.130782956257462502e-04
7.158332300605252385e-05
6.181806093081831932e-04
2.035838988376781344e-04
3.935031418222934008e-04
1.227651519002392888e-04
1.193379721371456981e-04
1.550812448840588331e-04
6.963086343603208661e-05
2.128594205714762211e-04
2.180720039177685976e-04
1.932301820488646626e-04
3.306083090137690306e-05
5.825860353070311248e-05
1.220270933117717505e-04
1.044124837790150195e-05
5.206211062613874674e-05
7.861668564146384597e-05
6.932445103302598000e-05
6.973188283154740930e-05
1.968503056559711695e-04
3.295226767659187317e-02
